22 serialization::archive 15 0 4 0 1 0 0 0 0 0 0 19 0 0 0 5 1 0
0 0 2 1 0
1 0 0 1 1 0 1 10 1 5
2 0 0 30 1 0 1 4.70873786407767003e-01 1.00000000000000000e+00 4.70873786407767003e-01 9.90291262135922334e-01 4.70873786407767003e-01 9.12621359223301010e-01 4.70873786407767003e-01 8.83495145631068013e-01 4.70873786407767003e-01 8.64077669902912571e-01 4.70873786407767003e-01 8.44660194174757240e-01 4.70873786407767003e-01 8.34951456310679574e-01 4.70873786407767003e-01 8.25242718446601908e-01 4.70873786407767003e-01 7.47572815533980584e-01 4.80582524271844669e-01 7.28155339805825252e-01 4.80582524271844669e-01 6.11650485436893154e-01 4.80582524271844669e-01 5.33980582524271830e-01 4.80582524271844669e-01 4.36893203883495118e-01 4.90291262135922334e-01 4.17475728155339787e-01 4.90291262135922334e-01 3.98058252427184456e-01 4.90291262135922334e-01 3.88349514563106790e-01 4.90291262135922334e-01 3.78640776699029125e-01 4.90291262135922334e-01 3.68932038834951459e-01 4.90291262135922334e-01 3.49514563106796128e-01 4.90291262135922334e-01 3.30097087378640797e-01 5.09708737864077666e-01 2.33009708737864085e-01 5.09708737864077666e-01 1.55339805825242705e-01 5.29126213592232997e-01 7.76699029126213247e-02 5.29126213592232997e-01 5.82524271844659935e-02 5.29126213592232997e-01 4.85436893203883280e-02 5.29126213592232997e-01 3.88349514563106624e-02 5.29126213592232997e-01 2.91262135922329968e-02 5.29126213592232997e-01 1.94174757281553312e-02 5.29126213592232997e-01 9.70873786407766559e-03 5.29126213592232997e-01 0.00000000000000000e+00 0 0 0 32768 0 1 14 7 SendKey 1 2
3 0 1 0 0 0 22 2 Up 5
4
5 1 1 10
6 87 1 0.00000000000000000e+00 4.09836065573770947e-02 0.00000000000000000e+00 5.73770491803279326e-02 0.00000000000000000e+00 7.37704918032787704e-02 0.00000000000000000e+00 9.01639344262295528e-02 0.00000000000000000e+00 1.55737704918032849e-01 0.00000000000000000e+00 2.37704918032786927e-01 0.00000000000000000e+00 2.54098360655737709e-01 0.00000000000000000e+00 2.86885245901639330e-01 0.00000000000000000e+00 3.03278688524590168e-01 0.00000000000000000e+00 3.52459016393442626e-01 0.00000000000000000e+00 4.01639344262295084e-01 0.00000000000000000e+00 4.18032786885245922e-01 0.00000000000000000e+00 4.50819672131147542e-01 0.00000000000000000e+00 5.00000000000000000e-01 0.00000000000000000e+00 5.49180327868852514e-01 0.00000000000000000e+00 6.31147540983606592e-01 0.00000000000000000e+00 6.96721311475409832e-01 0.00000000000000000e+00 7.62295081967213073e-01 0.00000000000000000e+00 8.44262295081967262e-01 0.00000000000000000e+00 8.60655737704917989e-01 0.00000000000000000e+00 8.77049180327868827e-01 0.00000000000000000e+00 8.93442622950819665e-01 0.00000000000000000e+00 9.09836065573770503e-01 0.00000000000000000e+00 9.42622950819672178e-01 0.00000000000000000e+00 9.59016393442622905e-01 1.63934426229508379e-02 9.59016393442622905e-01 3.27868852459016202e-02 9.59016393442622905e-01 4.91803278688524581e-02 9.59016393442622905e-01 6.55737704918032960e-02 9.59016393442622905e-01 9.83606557377049162e-02 9.59016393442622905e-01 1.47540983606557374e-01 9.59016393442622905e-01 1.63934426229508157e-01 9.59016393442622905e-01 1.80327868852458995e-01 9.59016393442622905e-01 1.96721311475409832e-01 9.59016393442622905e-01 2.13114754098360670e-01 9.59016393442622905e-01 2.29508196721311508e-01 9.59016393442622905e-01 2.45901639344262291e-01 9.59016393442622905e-01 2.62295081967213128e-01 9.42622950819672178e-01 2.78688524590163911e-01 9.42622950819672178e-01 3.44262295081967207e-01 9.42622950819672178e-01 4.09836065573770503e-01 9.42622950819672178e-01 4.26229508196721285e-01 9.42622950819672178e-01 4.75409836065573743e-01 9.42622950819672178e-01 4.75409836065573743e-01 9.09836065573770503e-01 4.91803278688524581e-01 9.09836065573770503e-01 5.08196721311475419e-01 9.09836065573770503e-01 5.73770491803278659e-01 9.09836065573770503e-01 6.55737704918032738e-01 9.09836065573770503e-01 6.72131147540983576e-01 9.09836065573770503e-01 6.72131147540983576e-01 8.93442622950819665e-01 6.88524590163934413e-01 8.93442622950819665e-01 7.04918032786885251e-01 8.93442622950819665e-01 7.21311475409836089e-01 8.93442622950819665e-01 7.54098360655737654e-01 9.09836065573770503e-01 7.70491803278688492e-01 9.26229508196721341e-01 8.36065573770491843e-01 9.26229508196721341e-01 8.85245901639344246e-01 9.26229508196721341e-01 9.01639344262295084e-01 9.26229508196721341e-01 9.18032786885245922e-01 9.42622950819672178e-01 9.50819672131147486e-01 9.42622950819672178e-01 9.50819672131147486e-01 9.09836065573770503e-01 9.50819672131147486e-01 8.93442622950819665e-01 9.50819672131147486e-01 8.60655737704917989e-01 1.00000000000000000e+00 7.95081967213114749e-01 1.00000000000000000e+00 7.62295081967213073e-01 1.00000000000000000e+00 7.45901639344262346e-01 1.00000000000000000e+00 7.29508196721311508e-01 1.00000000000000000e+00 6.96721311475409832e-01 1.00000000000000000e+00 6.63934426229508157e-01 1.00000000000000000e+00 6.31147540983606592e-01 1.00000000000000000e+00 5.81967213114754078e-01 1.00000000000000000e+00 5.16393442622950838e-01 1.00000000000000000e+00 4.67213114754098380e-01 1.00000000000000000e+00 4.50819672131147542e-01 1.00000000000000000e+00 4.34426229508196704e-01 1.00000000000000000e+00 4.18032786885245922e-01 1.00000000000000000e+00 4.01639344262295084e-01 1.00000000000000000e+00 3.68852459016393464e-01 1.00000000000000000e+00 3.52459016393442626e-01 1.00000000000000000e+00 3.36065573770491788e-01 1.00000000000000000e+00 3.19672131147541005e-01 1.00000000000000000e+00 3.03278688524590168e-01 1.00000000000000000e+00 2.86885245901639330e-01 1.00000000000000000e+00 2.70491803278688547e-01 1.00000000000000000e+00 2.54098360655737709e-01 1.00000000000000000e+00 1.88524590163934469e-01 1.00000000000000000e+00 1.39344262295082011e-01 0 0 0 32768 14
7 4 32 9 Open File 5
8
9 1 1 10
10 49 1 0.00000000000000000e+00 8.82664802938238902e-01 0.00000000000000000e+00 8.82664802938238902e-01 1.85187945698050971e-04 8.82479614992540906e-01 1.85187945698050971e-04 8.81955584706571649e-01 7.25271675876382194e-04 8.79794963117211948e-01 1.39320962243444368e-03 8.76454986715774931e-01 1.39320962243444368e-03 8.57459462186685561e-01 1.39320962243444368e-03 8.41608119373411068e-01 1.39320962243444368e-03 8.22743889084460611e-01 1.39320962243444368e-03 7.71128625928376388e-01 1.39320962243444368e-03 7.23836612631537868e-01 1.39320962243444368e-03 6.19034282130108582e-01 1.39320962243444368e-03 5.43576787637013226e-01 1.39320962243444368e-03 4.91175765720621937e-01 1.39320962243444368e-03 4.38774457135583940e-01 1.39320962243444368e-03 3.75369085882486520e-01 1.39320962243444368e-03 3.32924066062216251e-01 3.62463836750231971e-03 2.94998950792753512e-01 5.98621467812271435e-03 2.52488570521060440e-01 7.95562828020596191e-03 2.22947366489811227e-01 9.79432097944354929e-03 1.97205382031838572e-01 1.16330136786811367e-02 1.71463397573865917e-01 1.29493961038291139e-02 1.58297853310506886e-01 1.40054833978719984e-02 1.49848581620870391e-01 1.56624281751706063e-02 1.44877173951681426e-01 1.70734112536937155e-02 1.41350002924020168e-01 1.93650404145457866e-02 1.37530429876835669e-01 2.27207835915453349e-02 1.33336467577202744e-01 2.73522022458768665e-02 1.28704762254224614e-01 3.11717752930613656e-02 1.26413133093372543e-01 4.28185490667788993e-02 1.22848695141654418e-01 5.12683940937085358e-02 1.21792607847611534e-01 7.70100918830345926e-02 1.19953628479727348e-01 1.48537359231361077e-01 1.20084636051219662e-01 2.24060787513172432e-01 1.23231397784854035e-01 2.81898480312170685e-01 1.25985423472658120e-01 4.14669637318295092e-01 1.28870456731954519e-01 4.52529392136335029e-01 1.28870456731954519e-01 5.16000697178148560e-01 1.25985423472658120e-01 6.26305059013607557e-01 1.20608092999895666e-01 7.08126024123739928e-01 1.17335197061761043e-01 7.60526759371484729e-01 1.17335197061761043e-01 8.40831820678441533e-01 1.17335197061761043e-01 8.70307664258267888e-01 1.17335197061761043e-01 8.99782934500800935e-01 1.17335197061761043e-01 9.42228240989717802e-01 1.17335197061761043e-01 9.75764459279865437e-01 1.17335197061761043e-01 9.91616088761786418e-01 1.17335197061761043e-01 1.00000000000000000e+00 1.17335197061761043e-01 0 0 0 32768 14
11 4 117 8 Next Tab 5
12
13 1 1 10
14 119 1 2.54437869822485285e-01 0.00000000000000000e+00 2.54437869822485285e-01 5.91715976331358418e-03 2.54437869822485285e-01 1.18343195266272239e-02 2.54437869822485285e-01 1.77514792899408080e-02 2.54437869822485285e-01 3.55029585798816716e-02 2.54437869822485285e-01 5.32544378698224796e-02 2.54437869822485285e-01 5.91715976331360638e-02 2.54437869822485285e-01 6.50887573964497035e-02 2.54437869822485285e-01 7.10059171597633432e-02 2.54437869822485285e-01 7.69230769230769273e-02 2.54437869822485285e-01 1.06508875739644959e-01 2.54437869822485285e-01 1.30177514792899407e-01 2.54437869822485285e-01 1.53846153846153855e-01 2.54437869822485285e-01 1.83431952662721887e-01 2.54437869822485285e-01 1.95266272189349110e-01 2.54437869822485285e-01 2.13017751479289918e-01 2.54437869822485285e-01 2.18934911242603558e-01 2.54437869822485285e-01 2.24852071005917198e-01 2.54437869822485285e-01 2.36686390532544366e-01 2.54437869822485285e-01 2.42603550295858006e-01 2.54437869822485285e-01 2.48520710059171590e-01 2.54437869822485285e-01 2.54437869822485230e-01 2.54437869822485285e-01 2.72189349112426038e-01 2.54437869822485285e-01 2.89940828402366846e-01 2.54437869822485285e-01 2.95857988165680486e-01 2.54437869822485285e-01 3.01775147928994070e-01 2.54437869822485285e-01 3.07692307692307709e-01 2.54437869822485285e-01 3.25443786982248517e-01 2.54437869822485285e-01 3.37278106508875741e-01 2.48520710059171646e-01 3.43195266272189325e-01 2.48520710059171646e-01 3.49112426035502965e-01 2.48520710059171646e-01 3.78698224852070997e-01 2.48520710059171646e-01 4.26035502958579892e-01 2.48520710059171646e-01 4.91124260355029596e-01 2.72189349112426093e-01 5.20710059171597628e-01 2.72189349112426093e-01 5.32544378698224907e-01 2.72189349112426093e-01 5.44378698224852076e-01 2.72189349112426093e-01 5.50295857988165715e-01 2.78106508875739622e-01 5.50295857988165715e-01 2.84023668639053262e-01 5.50295857988165715e-01 3.01775147928994070e-01 5.50295857988165715e-01 3.13609467455621349e-01 5.50295857988165715e-01 3.19526627218934989e-01 5.50295857988165715e-01 3.25443786982248517e-01 5.50295857988165715e-01 3.31360946745562157e-01 5.50295857988165715e-01 3.37278106508875797e-01 5.50295857988165715e-01 3.55029585798816605e-01 5.50295857988165715e-01 3.66863905325443773e-01 5.50295857988165715e-01 3.78698224852071053e-01 5.50295857988165715e-01 3.96449704142011861e-01 5.50295857988165715e-01 4.02366863905325500e-01 5.50295857988165715e-01 4.08284023668639029e-01 5.50295857988165715e-01 4.26035502958579948e-01 5.50295857988165715e-01 4.43786982248520756e-01 5.50295857988165715e-01 4.55621301775147924e-01 5.50295857988165715e-01 4.61538461538461564e-01 5.50295857988165715e-01 4.67455621301775204e-01 5.50295857988165715e-01 4.73372781065088732e-01 5.50295857988165715e-01 4.91124260355029651e-01 5.50295857988165715e-01 5.02958579881656820e-01 5.50295857988165715e-01 5.08875739644970460e-01 5.50295857988165715e-01 5.32544378698224907e-01 5.50295857988165715e-01 5.50295857988165715e-01 5.50295857988165715e-01 5.56213017751479244e-01 5.50295857988165715e-01 5.79881656804733692e-01 5.50295857988165715e-01 6.09467455621301779e-01 5.50295857988165715e-01 6.27218934911242587e-01 5.50295857988165715e-01 6.44970414201183395e-01 5.50295857988165715e-01 6.62721893491124314e-01 5.50295857988165715e-01 6.80473372781065122e-01 5.50295857988165715e-01 6.98224852071005930e-01 5.50295857988165715e-01 7.15976331360946738e-01 5.50295857988165715e-01 7.21893491124260378e-01 5.50295857988165715e-01 7.27810650887574018e-01 5.50295857988165715e-01 7.27810650887574018e-01 5.56213017751479244e-01 7.27810650887574018e-01 5.62130177514792884e-01 7.27810650887574018e-01 5.68047337278106523e-01 7.27810650887574018e-01 5.73964497041420163e-01 7.27810650887574018e-01 5.79881656804733692e-01 7.27810650887574018e-01 5.85798816568047331e-01 7.27810650887574018e-01 6.03550295857988139e-01 7.15976331360946738e-01 6.27218934911242587e-01 7.15976331360946738e-01 6.39053254437869866e-01 7.15976331360946738e-01 6.50887573964497035e-01 7.15976331360946738e-01 6.56804733727810675e-01 7.15976331360946738e-01 6.74556213017751483e-01 7.15976331360946738e-01 6.92307692307692291e-01 7.15976331360946738e-01 6.98224852071005930e-01 7.15976331360946738e-01 7.10059171597633099e-01 7.15976331360946738e-01 7.15976331360946738e-01 7.15976331360946738e-01 7.21893491124260378e-01 7.15976331360946738e-01 7.33727810650887546e-01 7.15976331360946738e-01 7.57396449704141994e-01 7.15976331360946738e-01 7.81065088757396442e-01 7.15976331360946738e-01 7.86982248520710082e-01 7.15976331360946738e-01 7.92899408284023721e-01 7.15976331360946738e-01 7.98816568047337250e-01 7.15976331360946738e-01 8.04733727810650890e-01 7.15976331360946738e-01 8.10650887573964529e-01 7.15976331360946738e-01 8.16568047337278058e-01 7.15976331360946738e-01 8.22485207100591698e-01 7.15976331360946738e-01 8.28402366863905337e-01 7.15976331360946738e-01 8.46153846153846145e-01 7.15976331360946738e-01 8.63905325443786953e-01 7.15976331360946738e-01 8.69822485207100593e-01 7.15976331360946738e-01 8.75739644970414233e-01 7.15976331360946738e-01 8.81656804733727761e-01 7.15976331360946738e-01 8.93491124260355041e-01 7.33727810650887546e-01 8.93491124260355041e-01 7.33727810650887546e-01 8.99408284023668680e-01 7.33727810650887546e-01 9.05325443786982209e-01 7.33727810650887546e-01 9.11242603550295849e-01 7.33727810650887546e-01 9.23076923076923128e-01 7.33727810650887546e-01 9.28994082840236657e-01 7.33727810650887546e-01 9.34911242603550297e-01 7.33727810650887546e-01 9.52662721893491105e-01 7.33727810650887546e-01 9.58579881656804744e-01 7.33727810650887546e-01 9.82248520710059192e-01 7.51479289940828354e-01 1.00000000000000000e+00 0 0 0 32768 14
15 4 39 9 Save File 5
16
17 1 1 10
18 31 1 0.00000000000000000e+00 5.08130081300813052e-01 8.13008130081300795e-02 4.91869918699186948e-01 1.05691056910569126e-01 4.91869918699186948e-01 1.70731707317073211e-01 4.91869918699186948e-01 2.35772357723577242e-01 4.91869918699186948e-01 3.33333333333333315e-01 4.91869918699186948e-01 3.98373983739837401e-01 4.91869918699186948e-01 5.12195121951219523e-01 4.91869918699186948e-01 5.93495934959349603e-01 4.91869918699186948e-01 7.07317073170731669e-01 4.91869918699186948e-01 7.72357723577235755e-01 4.91869918699186948e-01 7.96747967479674801e-01 4.91869918699186948e-01 8.13008130081300795e-01 4.91869918699186948e-01 8.29268292682926789e-01 4.91869918699186948e-01 8.37398373983739841e-01 4.91869918699186948e-01 8.45528455284552893e-01 4.91869918699186948e-01 8.53658536585365835e-01 4.91869918699186948e-01 8.69918699186991828e-01 4.91869918699186948e-01 8.78048780487804881e-01 4.91869918699186948e-01 8.86178861788617933e-01 4.91869918699186948e-01 8.94308943089430874e-01 4.91869918699186948e-01 9.02439024390243927e-01 4.91869918699186948e-01 9.10569105691056868e-01 4.91869918699186948e-01 9.18699186991869921e-01 4.91869918699186948e-01 9.34959349593495914e-01 4.91869918699186948e-01 9.59349593495934960e-01 4.91869918699186948e-01 9.67479674796748013e-01 4.91869918699186948e-01 9.75609756097560954e-01 4.91869918699186948e-01 9.83739837398374006e-01 4.91869918699186948e-01 9.91869918699186948e-01 4.91869918699186948e-01 1.00000000000000000e+00 4.91869918699186948e-01 0 0 0 32768 14
19 8 114 7 Forward 5
20
21 1 1 10
22 111 1 0.00000000000000000e+00 8.57000255343282724e-01 1.21279077376713618e-02 8.62367853435522025e-01 2.72881131927790177e-02 8.65051652481641620e-01 4.71307242125739156e-02 8.67978733369004440e-01 6.55901188565239934e-02 8.71246614135239517e-01 9.64807536604550542e-02 8.71246614135239517e-01 1.21648106161215297e-01 8.71246614135239517e-01 1.65963638603285113e-01 8.71246614135239517e-01 1.99168530416004241e-01 8.75445278908003277e-01 2.48749267010802688e-01 8.75445278908003277e-01 2.84962590284380535e-01 8.75445278908003277e-01 3.43291464733756491e-01 8.75445278908003277e-01 3.81442830692005963e-01 8.75445278908003277e-01 4.36494072571383840e-01 8.75445278908003277e-01 5.07196959490237242e-01 8.75445278908003277e-01 6.13123361600732886e-01 8.75445278908003277e-01 6.42835311281425459e-01 8.75445278908003277e-01 6.78584397370605719e-01 8.75445278908003277e-01 7.07243152244903750e-01 8.75445278908003277e-01 7.47542737921557010e-01 8.75445278908003277e-01 7.76207651829810441e-01 8.75445278908003277e-01 8.10302780675517753e-01 8.75445278908003277e-01 8.26916004891299461e-01 8.75445278908003277e-01 8.52191140486281418e-01 8.75445278908003277e-01 8.64192531401449693e-01 8.75445278908003277e-01 8.83320181229574120e-01 8.75445278908003277e-01 8.93558805301388426e-01 8.75445278908003277e-01 9.14545456878421925e-01 8.75445278908003277e-01 9.26560448993575370e-01 8.78990316202236999e-01 9.42701223979685476e-01 8.78990316202236999e-01 9.52392207282287795e-01 8.81849647716089091e-01 9.58597433992478321e-01 8.81849647716089091e-01 9.61629475083499830e-01 8.81849647716089091e-01 9.67693557265542847e-01 8.81849647716089091e-01 9.73757639447585976e-01 8.81849647716089091e-01 9.76789680538607485e-01 8.76482049623849790e-01 9.79821721629629105e-01 8.65746853439371411e-01 9.82853762720650614e-01 8.52328114835188111e-01 9.85902997781464618e-01 8.36133961554796801e-01 9.89362578479565435e-01 8.20823116394193586e-01 9.89362578479565435e-01 8.01503253381373848e-01 9.93031822958568955e-01 7.88511541131440175e-01 9.96558896403765715e-01 7.72902496076823708e-01 1.00000000000000000e+00 7.60719157033552640e-01 1.00000000000000000e+00 7.47176211244599653e-01 1.00000000000000000e+00 7.33813160572430845e-01 1.00000000000000000e+00 7.20813236277223268e-01 1.00000000000000000e+00 7.14838973340364947e-01 1.00000000000000000e+00 7.04104033782301242e-01 1.00000000000000000e+00 6.93291079794134291e-01 1.00000000000000000e+00 6.78858923477852483e-01 1.00000000000000000e+00 6.67518088954414113e-01 1.00000000000000000e+00 6.50314623984561302e-01 1.00000000000000000e+00 6.41807458333493730e-01 1.00000000000000000e+00 6.28388719729310430e-01 1.00000000000000000e+00 6.17653523544831939e-01 1.00000000000000000e+00 6.06872391232101904e-01 1.00000000000000000e+00 5.98786606154158019e-01 1.00000000000000000e+00 5.88049356958361136e-01 1.00000000000000000e+00 5.77312107762564142e-01 1.00000000000000000e+00 5.66576911578085651e-01 1.00000000000000000e+00 5.58525771066141652e-01 1.00000000000000000e+00 5.47758753206226245e-01 1.00000000000000000e+00 5.39683233184874989e-01 1.00000000000000000e+00 5.28878491241982052e-01 1.00000000000000000e+00 5.20774998941415990e-01 1.00000000000000000e+00 5.07329057937262573e-01 1.00000000000000000e+00 4.91193928732278351e-01 1.00000000000000000e+00 4.75091391081975456e-01 1.00000000000000000e+00 4.64356194897497021e-01 1.00000000000000000e+00 4.53621255339433316e-01 1.00000000000000000e+00 4.42886059154954881e-01 1.00000000000000000e+00 4.37518589375923028e-01 1.00000000000000000e+00 4.26783521504651986e-01 1.00000000000000000e+00 4.16048453633380944e-01 1.00000000000000000e+00 4.05313385762109901e-01 1.00000000000000000e+00 3.97262116936958454e-01 1.00000000000000000e+00 3.86527049065687356e-01 1.00000000000000000e+00 3.78475651927328516e-01 1.00000000000000000e+00 3.67740584056057473e-01 1.00000000000000000e+00 3.62373114277025621e-01 1.00000000000000000e+00 3.51638046405754578e-01 1.00000000000000000e+00 3.43586777580603131e-01 1.00000000000000000e+00 3.32851709709332089e-01 1.00000000000000000e+00 3.27484111617092843e-01 1.00000000000000000e+00 3.14065244699702206e-01 1.00000000000000000e+00 3.06013975874550759e-01 1.00000000000000000e+00 2.92595108957160066e-01 1.00000000000000000e+00 2.84543840132008619e-01 1.00000000000000000e+00 2.73808772260737576e-01 1.00000000000000000e+00 2.65757503435586129e-01 1.00000000000000000e+00 2.60390033656554276e-01 1.00000000000000000e+00 2.55022435564315086e-01 1.00000000000000000e+00 2.49654965785283234e-01 1.00000000000000000e+00 2.38919897914012191e-01 1.00000000000000000e+00 2.30868500775653351e-01 1.00000000000000000e+00 2.20133432904382254e-01 1.00000000000000000e+00 2.12082164079230806e-01 1.00000000000000000e+00 2.01347096207959764e-01 1.00000000000000000e+00 1.93295827382808316e-01 1.00000000000000000e+00 1.87928229290569071e-01 1.00000000000000000e+00 1.82560759511537274e-01 1.00000000000000000e+00 1.77193161419298029e-01 1.00000000000000000e+00 1.66458093548026986e-01 1.00000000000000000e+00 1.58406824722875539e-01 1.00000000000000000e+00 1.47671756851604496e-01 1.00000000000000000e+00 1.42304287072572644e-01 1.00000000000000000e+00 1.36936688980333399e-01 1.00000000000000000e+00 1.31569219201301602e-01 9.96967958908978491e-01 1.23517950376150154e-01 9.96967958908978491e-01 1.18150352283910909e-01 0 0 0 32768 17 4 View 1 0
23 2 13 Maximize view 5
24
25 1 1 10
26 90 1 5.11363636363636354e-01 9.92424242424242431e-01 5.11363636363636354e-01 9.69696969696969724e-01 5.11363636363636354e-01 9.09090909090909061e-01 5.11363636363636354e-01 8.93939393939393923e-01 5.11363636363636354e-01 8.86363636363636354e-01 5.11363636363636354e-01 8.78787878787878785e-01 5.11363636363636354e-01 8.63636363636363646e-01 5.11363636363636354e-01 7.87878787878787845e-01 5.11363636363636354e-01 7.12121212121212155e-01 5.11363636363636354e-01 6.89393939393939448e-01 5.11363636363636354e-01 6.66666666666666630e-01 5.11363636363636354e-01 6.51515151515151492e-01 5.11363636363636354e-01 6.43939393939393923e-01 5.11363636363636354e-01 6.36363636363636354e-01 5.11363636363636354e-01 6.28787878787878785e-01 5.11363636363636354e-01 6.13636363636363646e-01 5.11363636363636354e-01 5.90909090909090939e-01 5.11363636363636354e-01 5.15151515151515138e-01 5.11363636363636354e-01 3.48484848484848508e-01 5.11363636363636354e-01 2.42424242424242431e-01 5.11363636363636354e-01 1.36363636363636354e-01 5.11363636363636354e-01 6.06060606060606077e-02 5.11363636363636354e-01 4.54545454545454697e-02 5.11363636363636354e-01 3.03030303030302761e-02 5.11363636363636354e-01 2.27272727272727071e-02 5.11363636363636354e-01 1.51515151515151381e-02 5.11363636363636354e-01 7.57575757575756903e-03 5.11363636363636354e-01 0.00000000000000000e+00 5.11363636363636354e-01 7.57575757575756903e-03 5.11363636363636354e-01 1.51515151515151381e-02 5.11363636363636354e-01 3.03030303030302761e-02 5.26515151515151492e-01 9.09090909090909394e-02 5.26515151515151492e-01 1.13636363636363646e-01 5.26515151515151492e-01 1.74242424242424254e-01 5.26515151515151492e-01 1.96969696969696961e-01 5.26515151515151492e-01 2.12121212121212155e-01 5.26515151515151492e-01 2.19696969696969724e-01 5.26515151515151492e-01 2.34848484848484862e-01 5.26515151515151492e-01 2.42424242424242431e-01 5.26515151515151492e-01 3.03030303030303039e-01 5.26515151515151492e-01 3.25757575757575746e-01 5.26515151515151492e-01 3.48484848484848508e-01 5.26515151515151492e-01 3.56060606060606077e-01 5.26515151515151492e-01 3.71212121212121215e-01 5.26515151515151492e-01 3.78787878787878785e-01 5.26515151515151492e-01 4.39393939393939392e-01 5.26515151515151492e-01 4.62121212121212099e-01 5.26515151515151492e-01 4.84848484848484862e-01 5.26515151515151492e-01 5.07575757575757569e-01 5.11363636363636354e-01 5.68181818181818232e-01 5.11363636363636354e-01 5.83333333333333370e-01 5.11363636363636354e-01 5.98484848484848508e-01 5.03787878787878785e-01 5.98484848484848508e-01 5.03787878787878785e-01 6.06060606060606077e-01 5.03787878787878785e-01 6.13636363636363646e-01 5.03787878787878785e-01 6.21212121212121215e-01 5.03787878787878785e-01 6.36363636363636354e-01 4.96212121212121215e-01 6.43939393939393923e-01 4.96212121212121215e-01 6.59090909090909061e-01 4.96212121212121215e-01 6.66666666666666630e-01 4.81060606060606077e-01 7.12121212121212155e-01 4.81060606060606077e-01 7.19696969696969724e-01 4.81060606060606077e-01 7.42424242424242431e-01 4.81060606060606077e-01 7.50000000000000000e-01 4.81060606060606077e-01 7.65151515151515138e-01 4.81060606060606077e-01 7.80303030303030276e-01 4.81060606060606077e-01 7.95454545454545414e-01 4.81060606060606077e-01 8.03030303030302983e-01 4.81060606060606077e-01 8.10606060606060552e-01 4.73484848484848508e-01 8.10606060606060552e-01 4.73484848484848508e-01 8.18181818181818232e-01 4.73484848484848508e-01 8.25757575757575801e-01 4.73484848484848508e-01 8.33333333333333370e-01 4.73484848484848508e-01 8.40909090909090939e-01 4.73484848484848508e-01 8.48484848484848508e-01 4.73484848484848508e-01 8.56060606060606077e-01 4.73484848484848508e-01 8.63636363636363646e-01 4.73484848484848508e-01 8.71212121212121215e-01 4.73484848484848508e-01 8.78787878787878785e-01 4.88636363636363646e-01 9.24242424242424199e-01 4.88636363636363646e-01 9.39393939393939448e-01 4.88636363636363646e-01 9.46969696969697017e-01 4.96212121212121215e-01 9.54545454545454586e-01 5.03787878787878785e-01 9.62121212121212155e-01 5.03787878787878785e-01 9.69696969696969724e-01 5.03787878787878785e-01 9.77272727272727293e-01 5.03787878787878785e-01 9.84848484848484862e-01 5.03787878787878785e-01 9.92424242424242431e-01 5.03787878787878785e-01 1.00000000000000000e+00 5.11363636363636354e-01 1.00000000000000000e+00 0 0 0 32768 14
27 0 71 7 Refresh 5
28
29 1 1 10
30 147 1 9.89130434782608647e-01 0.00000000000000000e+00 9.78260869565217406e-01 0.00000000000000000e+00 9.56521739130434812e-01 0.00000000000000000e+00 9.45652173913043459e-01 0.00000000000000000e+00 9.34782608695652217e-01 0.00000000000000000e+00 9.23913043478260865e-01 0.00000000000000000e+00 9.13043478260869512e-01 0.00000000000000000e+00 9.02173913043478271e-01 0.00000000000000000e+00 8.80434782608695676e-01 0.00000000000000000e+00 8.69565217391304324e-01 0.00000000000000000e+00 8.58695652173913082e-01 0.00000000000000000e+00 8.47826086956521729e-01 0.00000000000000000e+00 8.36956521739130488e-01 0.00000000000000000e+00 8.15217391304347783e-01 0.00000000000000000e+00 8.04347826086956541e-01 0.00000000000000000e+00 7.93478260869565188e-01 0.00000000000000000e+00 7.71739130434782594e-01 0.00000000000000000e+00 7.60869565217391353e-01 1.08695652173912971e-02 7.50000000000000000e-01 1.08695652173912971e-02 7.39130434782608647e-01 1.08695652173912971e-02 7.28260869565217406e-01 1.08695652173912971e-02 7.17391304347826053e-01 1.08695652173912971e-02 7.06521739130434812e-01 1.08695652173912971e-02 6.95652173913043459e-01 1.08695652173912971e-02 6.84782608695652217e-01 1.08695652173912971e-02 6.73913043478260865e-01 1.08695652173912971e-02 6.63043478260869512e-01 1.08695652173912971e-02 6.52173913043478271e-01 1.08695652173912971e-02 6.41304347826086918e-01 1.08695652173912971e-02 6.30434782608695676e-01 1.08695652173912971e-02 6.19565217391304324e-01 1.08695652173912971e-02 6.08695652173913082e-01 1.08695652173912971e-02 5.97826086956521729e-01 1.08695652173912971e-02 5.97826086956521729e-01 2.17391304347825942e-02 5.86956521739130488e-01 2.17391304347825942e-02 5.76086956521739135e-01 2.17391304347825942e-02 5.65217391304347783e-01 2.17391304347825942e-02 5.54347826086956541e-01 2.17391304347825942e-02 5.43478260869565188e-01 2.17391304347825942e-02 5.21739130434782594e-01 3.26086956521738913e-02 5.10869565217391353e-01 3.26086956521738913e-02 5.00000000000000000e-01 3.26086956521738913e-02 4.89130434782608703e-01 4.34782608695651884e-02 4.78260869565217406e-01 4.34782608695651884e-02 4.67391304347826109e-01 4.34782608695651884e-02 4.56521739130434756e-01 4.34782608695651884e-02 4.45652173913043459e-01 4.34782608695651884e-02 4.34782608695652162e-01 5.43478260869565410e-02 4.23913043478260865e-01 5.43478260869565410e-02 4.13043478260869568e-01 5.43478260869565410e-02 4.02173913043478271e-01 5.43478260869565410e-02 3.91304347826086973e-01 5.43478260869565410e-02 3.80434782608695676e-01 5.43478260869565410e-02 3.69565217391304324e-01 5.43478260869565410e-02 3.58695652173913027e-01 5.43478260869565410e-02 3.47826086956521729e-01 5.43478260869565410e-02 3.36956521739130432e-01 5.43478260869565410e-02 3.26086956521739135e-01 5.43478260869565410e-02 3.04347826086956541e-01 5.43478260869565410e-02 2.93478260869565244e-01 5.43478260869565410e-02 2.82608695652173891e-01 5.43478260869565410e-02 2.71739130434782594e-01 5.43478260869565410e-02 2.60869565217391297e-01 5.43478260869565410e-02 2.39130434782608758e-01 4.34782608695651884e-02 2.17391304347826109e-01 4.34782608695651884e-02 2.06521739130434812e-01 4.34782608695651884e-02 2.06521739130434812e-01 3.26086956521738913e-02 1.95652173913043514e-01 3.26086956521738913e-02 1.84782608695652217e-01 3.26086956521738913e-02 1.73913043478260865e-01 3.26086956521738913e-02 1.63043478260869623e-01 2.17391304347825942e-02 1.52173913043478271e-01 2.17391304347825942e-02 1.30434782608695676e-01 2.17391304347825942e-02 1.19565217391304379e-01 2.17391304347825942e-02 1.08695652173913082e-01 2.17391304347825942e-02 9.78260869565217850e-02 2.17391304347825942e-02 8.69565217391304879e-02 2.17391304347825942e-02 7.60869565217391908e-02 2.17391304347825942e-02 6.52173913043478937e-02 2.17391304347825942e-02 5.43478260869565410e-02 3.26086956521738913e-02 5.43478260869565410e-02 4.34782608695651884e-02 5.43478260869565410e-02 5.43478260869565410e-02 5.43478260869565410e-02 7.60869565217391353e-02 5.43478260869565410e-02 8.69565217391304324e-02 5.43478260869565410e-02 9.78260869565217295e-02 5.43478260869565410e-02 1.08695652173913027e-01 5.43478260869565410e-02 1.41304347826086918e-01 5.43478260869565410e-02 1.63043478260869568e-01 5.43478260869565410e-02 1.95652173913043459e-01 5.43478260869565410e-02 2.39130434782608703e-01 5.43478260869565410e-02 2.71739130434782594e-01 5.43478260869565410e-02 2.82608695652173891e-01 5.43478260869565410e-02 2.93478260869565244e-01 5.43478260869565410e-02 3.04347826086956541e-01 5.43478260869565410e-02 3.15217391304347838e-01 5.43478260869565410e-02 3.36956521739130432e-01 5.43478260869565410e-02 3.47826086956521729e-01 5.43478260869565410e-02 3.58695652173913027e-01 5.43478260869565410e-02 3.69565217391304324e-01 5.43478260869565410e-02 3.80434782608695676e-01 5.43478260869565410e-02 3.91304347826086973e-01 5.43478260869565410e-02 4.02173913043478271e-01 5.43478260869565410e-02 4.13043478260869568e-01 5.43478260869565410e-02 4.23913043478260865e-01 5.43478260869565410e-02 4.34782608695652162e-01 4.34782608695652995e-02 4.45652173913043459e-01 4.34782608695652995e-02 4.56521739130434756e-01 4.34782608695652995e-02 4.78260869565217406e-01 4.34782608695652995e-02 5.10869565217391353e-01 4.34782608695652995e-02 5.32608695652173947e-01 4.34782608695652995e-02 5.54347826086956541e-01 4.34782608695652995e-02 5.65217391304347783e-01 4.34782608695652995e-02 5.76086956521739135e-01 4.34782608695652995e-02 5.86956521739130488e-01 4.34782608695652995e-02 5.97826086956521729e-01 3.26086956521739468e-02 6.08695652173913082e-01 3.26086956521739468e-02 6.19565217391304324e-01 3.26086956521739468e-02 6.30434782608695676e-01 3.26086956521739468e-02 6.41304347826086918e-01 3.26086956521739468e-02 6.52173913043478271e-01 3.26086956521739468e-02 6.73913043478260865e-01 3.26086956521739468e-02 6.95652173913043459e-01 2.17391304347826497e-02 7.06521739130434812e-01 2.17391304347826497e-02 7.17391304347826053e-01 2.17391304347826497e-02 7.28260869565217406e-01 2.17391304347826497e-02 7.39130434782608647e-01 2.17391304347826497e-02 7.50000000000000000e-01 2.17391304347826497e-02 7.71739130434782594e-01 2.17391304347826497e-02 7.82608695652173947e-01 2.17391304347826497e-02 7.93478260869565188e-01 2.17391304347826497e-02 8.04347826086956541e-01 1.08695652173913526e-02 8.15217391304347783e-01 1.08695652173913526e-02 8.26086956521739135e-01 1.08695652173913526e-02 8.36956521739130488e-01 1.08695652173913526e-02 8.47826086956521729e-01 1.08695652173913526e-02 8.58695652173913082e-01 1.08695652173913526e-02 8.69565217391304324e-01 1.08695652173913526e-02 9.02173913043478271e-01 1.08695652173913526e-02 9.13043478260869512e-01 1.08695652173913526e-02 9.23913043478260865e-01 1.08695652173913526e-02 9.34782608695652217e-01 1.08695652173913526e-02 9.45652173913043459e-01 1.08695652173913526e-02 9.56521739130434812e-01 1.08695652173913526e-02 9.67391304347826053e-01 1.08695652173913526e-02 9.78260869565217406e-01 1.08695652173913526e-02 9.89130434782608647e-01 1.08695652173913526e-02 1.00000000000000000e+00 0 0 0 32768 18 6 Global 1 0
31 2 25 Scale (current workspace) 5
32
33 1 1 10
34 108 1 9.73208306950853475e-01 0.00000000000000000e+00 9.73443227614696260e-01 7.05412741289879186e-04 9.73338131528240336e-01 8.10508827745914928e-04 9.73338131528240336e-01 8.84856987978688281e-04 9.73644634665830289e-01 2.11103222577890826e-03 9.73951137803420242e-01 3.33704477613883110e-03 9.74403408887549727e-01 6.05050859347600056e-03 9.75076609515653447e-01 1.21094769338493391e-02 9.75897855714461415e-01 2.11423716835351660e-02 9.77089703902351170e-01 4.02119426897700194e-02 9.78281552090240814e-01 5.92815136960048727e-02 9.78281552090240814e-01 7.60093616860665899e-02 9.78281552090240814e-01 9.50416772684648525e-02 9.78281552090240814e-01 1.14074155538303468e-01 9.78281552090240814e-01 1.33106633808142027e-01 9.78281552090240814e-01 1.54592438678223087e-01 9.78281552090240814e-01 1.73624916948061703e-01 9.78281552090240814e-01 1.97712907426291218e-01 9.78281552090240814e-01 2.21800735217080380e-01 9.78281552090240814e-01 2.48639444936483545e-01 9.78281552090240814e-01 2.91462521043620415e-01 9.79770467544180956e-01 3.21237901748499532e-01 9.81333243096033092e-01 3.54061394335483615e-01 9.82896344022765822e-01 3.86884886922467697e-01 9.84088192210655466e-01 4.05954457928702550e-01 9.84088192210655466e-01 4.24986936198541165e-01 9.84088192210655466e-01 4.41714621501162585e-01 9.85131669452960157e-01 4.56323465580869003e-01 9.86471888586434864e-01 4.80448548795494701e-01 9.87737922247116984e-01 5.01971446401971999e-01 9.89004281282679809e-01 5.23494506695889705e-01 9.89004281282679809e-01 5.42526984965728265e-01 9.89004281282679809e-01 5.55091335982752510e-01 9.89004281282679809e-01 5.67655686999776754e-01 9.89004281282679809e-01 5.91743677478006269e-01 9.89004281282679809e-01 6.18582387197409433e-01 9.89004281282679809e-01 6.45421096916812709e-01 9.89004281282679809e-01 6.75159222197855291e-01 9.89004281282679809e-01 7.04897510166338170e-01 9.89004281282679809e-01 7.31736219885741335e-01 9.89004281282679809e-01 7.61474345166783917e-01 9.89004281282679809e-01 7.91212633135266796e-01 9.89004281282679809e-01 8.15300460926055903e-01 9.89004281282679809e-01 8.42139170645459179e-01 9.89004281282679809e-01 8.66226998436248286e-01 9.89004281282679809e-01 8.87713128681210106e-01 9.89004281282679809e-01 9.02284717337079933e-01 9.89004281282679809e-01 9.12990527035724142e-01 9.89004281282679809e-01 9.20425017684124769e-01 9.89004281282679809e-01 9.26447055975542222e-01 9.89004281282679809e-01 9.30089953139509706e-01 9.88624894171820090e-01 9.31985261819405220e-01 9.88089001743358564e-01 9.32789588524418400e-01 9.87383589002068796e-01 9.33024509188261186e-01 9.85488280322173171e-01 9.32645447452282172e-01 9.82774979192276410e-01 9.32193176368152576e-01 9.77870278241075530e-01 9.30967163817792653e-01 9.70288392771731956e-01 9.29450916873876265e-01 9.61255660709486426e-01 9.28629670675068297e-01 9.52222603272360191e-01 9.27808424476260329e-01 9.41479700837319688e-01 9.28703856147860773e-01 9.30737123777159781e-01 9.29598962444580512e-01 9.19994221342119278e-01 9.30494068741300362e-01 9.03118327781353258e-01 9.32744361416005474e-01 8.86242434220587239e-01 9.34994328715829992e-01 8.69366866034701813e-01 9.37244621390535104e-01 8.50002830761461770e-01 9.40875154309037232e-01 8.28368654945795813e-01 9.43420562000508944e-01 8.09299083939560959e-01 9.44612410188398588e-01 7.85174163412375559e-01 9.45952629321873184e-01 7.61086010246705746e-01 9.45952629321873184e-01 7.28299610396117902e-01 9.45952629321873184e-01 6.92316402342959436e-01 9.45952629321873184e-01 6.65477855310996569e-01 9.45952629321873184e-01 6.38638982904152996e-01 9.45952629321873184e-01 6.14551155113363889e-01 9.45952629321873184e-01 5.90463327322574671e-01 9.45952629321873184e-01 5.60725039354091792e-01 9.45952629321873184e-01 5.17902125934395330e-01 9.45952629321873184e-01 4.88163837965912450e-01 9.45952629321873184e-01 4.58388457261033277e-01 9.47441219400932733e-01 4.28613076556154160e-01 9.48930134854873097e-01 3.98726743016966978e-01 9.51918703133815658e-01 3.68655921920440610e-01 9.56429375104526747e-01 3.35536663566928628e-01 9.61160651244331143e-01 2.89102088971808890e-01 9.68590261269521635e-01 2.55726435212329850e-01 9.74947435688027886e-01 2.25655614115803538e-01 9.79458107658738975e-01 1.89339222184840283e-01 9.84410313342517607e-01 1.65103023448466169e-01 9.87103115854932267e-01 1.43469173007680806e-01 9.89648523546403980e-01 1.19232974271306691e-01 9.92341326058818640e-01 1.06520577683578144e-01 9.94297154466518673e-01 9.56673731639908764e-02 9.96105913428156242e-01 8.66343157268646968e-02 9.96927159626964210e-01 7.58914132918241946e-02 9.97822265923683949e-01 6.33270622747998946e-02 9.97822265923683949e-01 5.26212525761556305e-02 9.97822265923683949e-01 3.80496639202857478e-02 9.97822265923683949e-01 2.90540245944364561e-02 9.97822265923683949e-01 2.29948935666227650e-02 9.98495466551787669e-01 1.69357625388090738e-02 9.99168992554771984e-01 1.42224614089122570e-02 9.99620938264020875e-01 1.23271527290167437e-02 1.00000000000000000e+00 1.11008148037761711e-02 9.99693496862410047e-01 1.09957187173201354e-02 9.99588400775954011e-01 1.09957187173201354e-02 9.99291008135022807e-01 1.14164284380248726e-02 9.98870623789198664e-01 0 0 0 32768 17
35 1 10 Close view 5
36
37 1 1 10
38 110 1 1.00000000000000000e+00 4.95098039215686292e-01 9.80392156862745057e-01 4.95098039215686292e-01 9.50980392156862697e-01 4.95098039215686292e-01 8.72549019607843146e-01 4.95098039215686292e-01 8.52941176470588203e-01 4.95098039215686292e-01 8.33333333333333370e-01 4.85294117647058820e-01 8.13725490196078427e-01 4.85294117647058820e-01 7.94117647058823484e-01 4.85294117647058820e-01 7.64705882352941124e-01 4.85294117647058820e-01 7.45098039215686292e-01 4.85294117647058820e-01 7.25490196078431349e-01 4.85294117647058820e-01 7.05882352941176516e-01 4.85294117647058820e-01 6.47058823529411797e-01 5.04901960784313708e-01 6.27450980392156854e-01 5.04901960784313708e-01 6.17647058823529438e-01 5.04901960784313708e-01 6.07843137254901911e-01 5.04901960784313708e-01 5.98039215686274495e-01 5.04901960784313708e-01 5.00000000000000000e-01 5.04901960784313708e-01 4.01960784313725505e-01 5.04901960784313708e-01 3.23529411764705899e-01 5.04901960784313708e-01 2.25490196078431349e-01 5.04901960784313708e-01 2.05882352941176461e-01 4.95098039215686292e-01 1.86274509803921573e-01 4.95098039215686292e-01 1.66666666666666630e-01 4.95098039215686292e-01 1.56862745098039214e-01 4.95098039215686292e-01 1.37254901960784326e-01 4.95098039215686292e-01 7.84313725490196068e-02 5.14705882352941124e-01 5.88235294117647189e-02 5.14705882352941124e-01 4.90196078431372473e-02 5.14705882352941124e-01 2.94117647058823595e-02 5.24509803921568651e-01 1.96078431372548878e-02 5.24509803921568651e-01 9.80392156862747166e-03 5.24509803921568651e-01 0.00000000000000000e+00 5.24509803921568651e-01 0.00000000000000000e+00 5.14705882352941124e-01 9.80392156862747166e-03 5.14705882352941124e-01 1.96078431372548878e-02 5.14705882352941124e-01 2.94117647058823595e-02 5.14705882352941124e-01 3.92156862745097756e-02 5.14705882352941124e-01 4.90196078431372473e-02 5.14705882352941124e-01 5.88235294117647189e-02 5.04901960784313708e-01 6.86274509803921351e-02 5.04901960784313708e-01 8.82352941176470784e-02 5.04901960784313708e-01 9.80392156862744946e-02 5.04901960784313708e-01 1.07843137254901966e-01 5.04901960784313708e-01 1.27450980392156854e-01 5.04901960784313708e-01 1.37254901960784326e-01 5.04901960784313708e-01 1.47058823529411797e-01 5.04901960784313708e-01 1.56862745098039214e-01 5.04901960784313708e-01 1.66666666666666630e-01 5.04901960784313708e-01 1.86274509803921573e-01 5.04901960784313708e-01 2.45098039215686292e-01 4.85294117647058820e-01 2.64705882352941180e-01 4.85294117647058820e-01 2.94117647058823539e-01 4.85294117647058820e-01 3.03921568627450955e-01 4.85294117647058820e-01 3.23529411764705899e-01 4.85294117647058820e-01 3.33333333333333315e-01 4.85294117647058820e-01 3.43137254901960786e-01 4.85294117647058820e-01 3.52941176470588258e-01 4.75490196078431349e-01 3.62745098039215674e-01 4.75490196078431349e-01 3.72549019607843146e-01 4.75490196078431349e-01 3.92156862745098034e-01 4.75490196078431349e-01 4.11764705882352922e-01 4.75490196078431349e-01 4.21568627450980393e-01 4.75490196078431349e-01 4.80392156862745112e-01 4.95098039215686292e-01 4.90196078431372528e-01 4.95098039215686292e-01 5.09803921568627416e-01 4.95098039215686292e-01 5.19607843137254943e-01 4.95098039215686292e-01 5.29411764705882359e-01 5.04901960784313708e-01 5.39215686274509776e-01 5.04901960784313708e-01 5.49019607843137303e-01 5.04901960784313708e-01 5.58823529411764719e-01 5.04901960784313708e-01 5.68627450980392135e-01 5.04901960784313708e-01 5.78431372549019662e-01 5.04901960784313708e-01 5.88235294117647078e-01 5.04901960784313708e-01 5.98039215686274495e-01 5.04901960784313708e-01 6.07843137254901911e-01 5.14705882352941124e-01 6.17647058823529438e-01 5.14705882352941124e-01 6.27450980392156854e-01 5.14705882352941124e-01 6.37254901960784270e-01 5.14705882352941124e-01 6.47058823529411797e-01 5.14705882352941124e-01 6.56862745098039214e-01 5.14705882352941124e-01 6.66666666666666630e-01 5.14705882352941124e-01 6.86274509803921573e-01 5.14705882352941124e-01 6.96078431372548989e-01 5.14705882352941124e-01 7.05882352941176516e-01 5.14705882352941124e-01 7.15686274509803932e-01 5.14705882352941124e-01 7.35294117647058876e-01 5.14705882352941124e-01 7.45098039215686292e-01 5.14705882352941124e-01 7.64705882352941124e-01 5.04901960784313708e-01 7.74509803921568651e-01 5.04901960784313708e-01 7.84313725490196068e-01 5.04901960784313708e-01 7.94117647058823484e-01 4.95098039215686292e-01 8.03921568627451011e-01 4.85294117647058820e-01 8.13725490196078427e-01 4.85294117647058820e-01 8.23529411764705843e-01 4.85294117647058820e-01 8.33333333333333370e-01 4.85294117647058820e-01 8.43137254901960786e-01 4.75490196078431349e-01 8.52941176470588203e-01 4.75490196078431349e-01 8.62745098039215730e-01 4.75490196078431349e-01 8.72549019607843146e-01 4.75490196078431349e-01 8.92156862745098089e-01 4.75490196078431349e-01 9.01960784313725505e-01 4.75490196078431349e-01 9.11764705882352922e-01 4.75490196078431349e-01 9.21568627450980338e-01 4.75490196078431349e-01 9.31372549019607865e-01 4.75490196078431349e-01 9.41176470588235281e-01 4.85294117647058820e-01 9.50980392156862697e-01 4.85294117647058820e-01 9.60784313725490224e-01 4.85294117647058820e-01 9.60784313725490224e-01 4.95098039215686292e-01 9.70588235294117641e-01 4.95098039215686292e-01 0 0 0 32768 18
39 1 4 Expo 5
40
41 1 1 10
42 64 1 0.00000000000000000e+00 9.19946856898660181e-02 1.66636343506401108e-02 9.19946856898660181e-02 2.99945418311521883e-02 9.19946856898660181e-02 6.04310966124093629e-02 9.19946856898660181e-02 8.83958201991738024e-02 9.19946856898660181e-02 1.31522970146496110e-01 9.19946856898660181e-02 1.62123693107052047e-01 9.19946856898660181e-02 2.15488506111879752e-01 9.19946856898660181e-02 2.54869970057642226e-01 9.19946856898660181e-02 3.12342654531761021e-01 9.19946856898660181e-02 3.60336460144789539e-01 9.19946856898660181e-02 4.21463438025807102e-01 9.19946856898660181e-02 4.90572599992383951e-01 9.19946856898660181e-02 5.68013720172235503e-01 9.19946856898660181e-02 6.21066557221213844e-01 9.19946856898660181e-02 6.50764637271536106e-01 9.19946856898660181e-02 6.89973470760716467e-01 9.19946856898660181e-02 7.21985701572150029e-01 9.19946856898660181e-02 7.66615187813192378e-01 9.19946856898660181e-02 7.91701326744040035e-01 9.19946856898660181e-02 8.28535363151577720e-01 9.19946856898660181e-02 8.52781197948179859e-01 9.19946856898660181e-02 8.87902751509458743e-01 9.19946856898660181e-02 9.03563041850192317e-01 9.19946856898660181e-02 9.23772370382593633e-01 9.19946856898660181e-02 9.36321927593934844e-01 9.19946856898660181e-02 9.43806529775227832e-01 9.19946856898660181e-02 9.50471983515483898e-01 9.19946856898660181e-02 9.57137437255739854e-01 9.19946856898660181e-02 9.63802890995995920e-01 9.19946856898660181e-02 9.70468344736251987e-01 1.00844253196977873e-01 9.77133798476508053e-01 1.12644052641006187e-01 9.84152411255392989e-01 1.31281372130053919e-01 9.87986387016610013e-01 1.44856839424057415e-01 9.95776759483744667e-01 1.68989843856880317e-01 9.95776759483744667e-01 1.87454532889345882e-01 1.00000000000000000e+00 2.13621586705198263e-01 1.00000000000000000e+00 2.36840101039590745e-01 1.00000000000000000e+00 2.70220400011847162e-01 1.00000000000000000e+00 2.96085350528680791e-01 1.00000000000000000e+00 3.38912935860169351e-01 1.00000000000000000e+00 3.67411347067609362e-01 1.00000000000000000e+00 4.19088217830300314e-01 1.00000000000000000e+00 4.54122327859650288e-01 1.00000000000000000e+00 4.98850822744908884e-01 1.00000000000000000e+00 5.32948440754891561e-01 1.00000000000000000e+00 5.88784802878302593e-01 1.00000000000000000e+00 6.27119201048194075e-01 1.00000000000000000e+00 6.73589796750203473e-01 1.00000000000000000e+00 7.05077084294154388e-01 1.00000000000000000e+00 7.47430500021860844e-01 1.00000000000000000e+00 7.68606784771849960e-01 1.00000000000000000e+00 7.94390779502672006e-01 1.00000000000000000e+00 8.11590358081263230e-01 1.00000000000000000e+00 8.27387455238079106e-01 1.00000000000000000e+00 8.33287354960093318e-01 1.00000000000000000e+00 8.39186972606198012e-01 1.00000000000000000e+00 8.48036822189219386e-01 1.00000000000000000e+00 8.56950985079594774e-01 1.00000000000000000e+00 8.70359181359295575e-01 1.00000000000000000e+00 8.80959029884532230e-01 1.00000000000000000e+00 8.93255847081008025e-01 1.00000000000000000e+00 9.02105696664029288e-01 1.00000000000000000e+00 9.08005314310133982e-01 0 0 0 32768 17
43 5 12 Mnimize view 5
44
45 1 1 10
46 52 1 1.00000000000000000e+00 4.58762886597938180e-01 1.00000000000000000e+00 4.58762886597938180e-01 9.89690721649484573e-01 4.58762886597938180e-01 9.79381443298969034e-01 4.58762886597938180e-01 9.17525773195876249e-01 4.58762886597938180e-01 8.96907216494845394e-01 4.58762886597938180e-01 8.76288659793814428e-01 4.58762886597938180e-01 8.65979381443299001e-01 4.58762886597938180e-01 8.35051546391752608e-01 4.69072164948453607e-01 8.24742268041237070e-01 4.69072164948453607e-01 8.14432989690721643e-01 4.69072164948453607e-01 8.04123711340206215e-01 4.69072164948453607e-01 7.93814432989690677e-01 4.69072164948453607e-01 7.62886597938144284e-01 4.79381443298969145e-01 7.21649484536082464e-01 4.79381443298969145e-01 6.90721649484536071e-01 4.79381443298969145e-01 6.70103092783505105e-01 5.00000000000000000e-01 6.28865979381443285e-01 5.00000000000000000e-01 5.46391752577319534e-01 5.30927835051546393e-01 4.84536082474226804e-01 5.30927835051546393e-01 4.53608247422680411e-01 5.30927835051546393e-01 4.43298969072164928e-01 5.30927835051546393e-01 4.43298969072164928e-01 5.30927835051546393e-01 4.22680412371134018e-01 5.41237113402061820e-01 4.12371134020618535e-01 5.41237113402061820e-01 4.02061855670103108e-01 5.41237113402061820e-01 3.91752577319587625e-01 5.41237113402061820e-01 3.81443298969072142e-01 5.41237113402061820e-01 3.71134020618556715e-01 5.41237113402061820e-01 3.60824742268041232e-01 5.41237113402061820e-01 3.29896907216494839e-01 5.41237113402061820e-01 2.88659793814432963e-01 5.41237113402061820e-01 2.78350515463917536e-01 5.41237113402061820e-01 2.57731958762886570e-01 5.41237113402061820e-01 2.37113402061855660e-01 5.41237113402061820e-01 2.06185567010309267e-01 5.41237113402061820e-01 1.75257731958762875e-01 5.41237113402061820e-01 1.64948453608247392e-01 5.41237113402061820e-01 1.64948453608247392e-01 5.41237113402061820e-01 1.44329896907216482e-01 5.41237113402061820e-01 1.34020618556700999e-01 5.41237113402061820e-01 1.13402061855670089e-01 5.41237113402061820e-01 1.03092783505154606e-01 5.41237113402061820e-01 8.24742268041236959e-02 5.41237113402061820e-01 7.21649484536082131e-02 5.41237113402061820e-01 6.18556701030927858e-02 5.30927835051546393e-01 5.15463917525773030e-02 5.30927835051546393e-01 4.12371134020618757e-02 5.30927835051546393e-01 3.09278350515463929e-02 5.30927835051546393e-01 2.06185567010309101e-02 5.30927835051546393e-01 1.03092783505154828e-02 5.30927835051546393e-01 0.00000000000000000e+00 5.30927835051546393e-01 0 0 0 32768 14
47 8 113 4 Back 5
48
49 1 1 10
50 91 1 0.00000000000000000e+00 5.28571428571428581e-01 9.52380952380952328e-02 5.09523809523809490e-01 1.23809523809523814e-01 5.09523809523809490e-01 2.19047619047619047e-01 4.90476190476190455e-01 2.38095238095238082e-01 4.90476190476190455e-01 2.57142857142857117e-01 4.80952380952380965e-01 2.76190476190476208e-01 4.80952380952380965e-01 2.95238095238095244e-01 4.80952380952380965e-01 3.14285714285714279e-01 4.80952380952380965e-01 3.71428571428571441e-01 4.61904761904761929e-01 3.90476190476190477e-01 4.61904761904761929e-01 4.19047619047619058e-01 4.61904761904761929e-01 4.38095238095238093e-01 4.61904761904761929e-01 4.66666666666666674e-01 4.61904761904761929e-01 4.85714285714285710e-01 4.61904761904761929e-01 5.61904761904761907e-01 4.42857142857142838e-01 5.71428571428571397e-01 4.42857142857142838e-01 5.90476190476190488e-01 4.42857142857142838e-01 5.99999999999999978e-01 4.42857142857142838e-01 6.09523809523809579e-01 4.42857142857142838e-01 6.19047619047619069e-01 4.42857142857142838e-01 6.28571428571428559e-01 4.42857142857142838e-01 6.38095238095238049e-01 4.42857142857142838e-01 6.47619047619047650e-01 4.42857142857142838e-01 6.57142857142857140e-01 4.42857142857142838e-01 6.76190476190476231e-01 4.42857142857142838e-01 6.95238095238095211e-01 4.42857142857142838e-01 7.14285714285714302e-01 4.42857142857142838e-01 7.33333333333333282e-01 4.42857142857142838e-01 7.52380952380952372e-01 4.52380952380952384e-01 7.61904761904761862e-01 4.52380952380952384e-01 7.80952380952380953e-01 4.61904761904761929e-01 7.90476190476190443e-01 4.61904761904761929e-01 8.00000000000000044e-01 4.61904761904761929e-01 8.09523809523809534e-01 4.61904761904761929e-01 8.28571428571428625e-01 4.71428571428571419e-01 8.38095238095238115e-01 4.71428571428571419e-01 8.57142857142857095e-01 4.71428571428571419e-01 8.66666666666666696e-01 4.71428571428571419e-01 8.85714285714285676e-01 4.80952380952380965e-01 8.95238095238095277e-01 4.80952380952380965e-01 9.04761904761904767e-01 4.80952380952380965e-01 9.14285714285714257e-01 4.80952380952380965e-01 9.33333333333333348e-01 4.80952380952380965e-01 9.42857142857142838e-01 4.80952380952380965e-01 9.61904761904761929e-01 4.80952380952380965e-01 9.71428571428571419e-01 4.80952380952380965e-01 9.80952380952380909e-01 4.80952380952380965e-01 9.90476190476190510e-01 4.90476190476190455e-01 1.00000000000000000e+00 4.90476190476190455e-01 9.90476190476190510e-01 4.90476190476190455e-01 9.71428571428571419e-01 4.90476190476190455e-01 9.52380952380952328e-01 4.90476190476190455e-01 9.33333333333333348e-01 4.90476190476190455e-01 9.14285714285714257e-01 4.90476190476190455e-01 8.95238095238095277e-01 4.90476190476190455e-01 8.66666666666666696e-01 4.90476190476190455e-01 8.57142857142857095e-01 4.90476190476190455e-01 8.28571428571428625e-01 4.90476190476190455e-01 8.09523809523809534e-01 4.90476190476190455e-01 7.90476190476190443e-01 4.90476190476190455e-01 7.71428571428571463e-01 4.90476190476190455e-01 6.19047619047619069e-01 4.90476190476190455e-01 4.85714285714285710e-01 5.09523809523809490e-01 3.52380952380952406e-01 5.09523809523809490e-01 2.95238095238095244e-01 5.28571428571428581e-01 2.76190476190476208e-01 5.28571428571428581e-01 2.66666666666666663e-01 5.28571428571428581e-01 2.57142857142857117e-01 5.28571428571428581e-01 2.47619047619047628e-01 5.38095238095238071e-01 2.38095238095238082e-01 5.38095238095238071e-01 2.28571428571428537e-01 5.38095238095238071e-01 2.19047619047619047e-01 5.47619047619047672e-01 2.00000000000000011e-01 5.47619047619047672e-01 1.80952380952380976e-01 5.57142857142857162e-01 1.61904761904761885e-01 5.57142857142857162e-01 1.52380952380952395e-01 5.57142857142857162e-01 1.33333333333333304e-01 5.57142857142857162e-01 1.23809523809523814e-01 5.57142857142857162e-01 1.14285714285714268e-01 5.57142857142857162e-01 1.04761904761904778e-01 5.57142857142857162e-01 1.04761904761904778e-01 5.47619047619047672e-01 9.52380952380952328e-02 5.47619047619047672e-01 8.57142857142857428e-02 5.47619047619047672e-01 7.61904761904761973e-02 5.38095238095238071e-01 6.66666666666666519e-02 5.38095238095238071e-01 5.71428571428571619e-02 5.38095238095238071e-01 4.76190476190476164e-02 5.38095238095238071e-01 3.80952380952380709e-02 5.38095238095238071e-01 2.85714285714285809e-02 5.38095238095238071e-01 1.90476190476190355e-02 5.38095238095238071e-01 0 0 0 32768 17
51 4 11 Resize view 5
52
53 1 1 10
54 58 1 4.83333333333333282e-01 0.00000000000000000e+00 4.89999999999999991e-01 6.66666666666665408e-03 4.89999999999999991e-01 1.33333333333333082e-02 4.89999999999999991e-01 2.00000000000000178e-02 4.89999999999999991e-01 2.66666666666666718e-02 4.89999999999999991e-01 3.33333333333333259e-02 4.89999999999999991e-01 3.99999999999999800e-02 4.89999999999999991e-01 5.33333333333333437e-02 4.96666666666666590e-01 5.99999999999999978e-02 4.96666666666666590e-01 8.00000000000000155e-02 5.03333333333333299e-01 9.33333333333333237e-02 5.03333333333333299e-01 1.13333333333333341e-01 5.03333333333333299e-01 1.19999999999999996e-01 5.03333333333333299e-01 1.26666666666666705e-01 5.03333333333333299e-01 1.33333333333333304e-01 5.16666666666666718e-01 2.80000000000000027e-01 5.16666666666666718e-01 2.99999999999999989e-01 5.16666666666666718e-01 3.66666666666666641e-01 5.16666666666666718e-01 3.86666666666666659e-01 5.16666666666666718e-01 4.40000000000000002e-01 5.16666666666666718e-01 4.53333333333333310e-01 5.16666666666666718e-01 4.66666666666666674e-01 5.16666666666666718e-01 4.73333333333333328e-01 5.16666666666666718e-01 4.86666666666666692e-01 5.16666666666666718e-01 4.93333333333333346e-01 5.16666666666666718e-01 5.06666666666666710e-01 5.16666666666666718e-01 5.20000000000000018e-01 5.16666666666666718e-01 5.33333333333333326e-01 5.16666666666666718e-01 5.53333333333333344e-01 5.16666666666666718e-01 5.66666666666666652e-01 5.16666666666666718e-01 6.33333333333333304e-01 5.16666666666666718e-01 6.53333333333333321e-01 5.16666666666666718e-01 7.19999999999999973e-01 5.16666666666666718e-01 7.33333333333333282e-01 5.16666666666666718e-01 7.53333333333333299e-01 5.16666666666666718e-01 7.66666666666666718e-01 5.16666666666666718e-01 7.73333333333333317e-01 5.16666666666666718e-01 7.80000000000000027e-01 5.16666666666666718e-01 7.86666666666666625e-01 5.16666666666666718e-01 7.93333333333333335e-01 5.16666666666666718e-01 8.00000000000000044e-01 5.16666666666666718e-01 8.19999999999999951e-01 5.16666666666666718e-01 8.73333333333333295e-01 5.03333333333333299e-01 9.13333333333333330e-01 5.03333333333333299e-01 9.26666666666666639e-01 5.03333333333333299e-01 9.33333333333333348e-01 5.03333333333333299e-01 9.39999999999999947e-01 5.03333333333333299e-01 9.46666666666666656e-01 4.96666666666666590e-01 9.46666666666666656e-01 4.96666666666666590e-01 9.53333333333333366e-01 4.96666666666666590e-01 9.59999999999999964e-01 4.96666666666666590e-01 9.66666666666666674e-01 4.96666666666666590e-01 9.73333333333333384e-01 4.89999999999999991e-01 9.79999999999999982e-01 4.89999999999999991e-01 9.86666666666666692e-01 4.89999999999999991e-01 9.93333333333333290e-01 4.83333333333333282e-01 9.93333333333333290e-01 4.83333333333333282e-01 1.00000000000000000e+00 0 0 0 32768 17
55 3 9 Move View 5
56
57 1 1 10
58 53 1 0.00000000000000000e+00 1.13924050632911444e-01 0.00000000000000000e+00 2.02531645569620278e-01 0.00000000000000000e+00 2.53164556962025333e-01 0.00000000000000000e+00 3.03797468354430444e-01 0.00000000000000000e+00 3.67088607594936778e-01 0.00000000000000000e+00 4.43037974683544333e-01 0.00000000000000000e+00 4.93670886075949444e-01 0.00000000000000000e+00 5.94936708860759444e-01 0.00000000000000000e+00 6.58227848101265778e-01 0.00000000000000000e+00 7.21518987341772111e-01 0.00000000000000000e+00 7.40506329113924000e-01 0.00000000000000000e+00 7.91139240506329111e-01 0.00000000000000000e+00 7.97468354430379778e-01 0.00000000000000000e+00 8.03797468354430333e-01 0.00000000000000000e+00 8.10126582278481000e-01 0.00000000000000000e+00 8.16455696202531667e-01 0.00000000000000000e+00 8.22784810126582333e-01 0.00000000000000000e+00 8.29113924050632889e-01 0.00000000000000000e+00 8.35443037974683556e-01 0.00000000000000000e+00 8.41772151898734222e-01 0.00000000000000000e+00 8.48101265822784778e-01 0.00000000000000000e+00 8.54430379746835444e-01 0.00000000000000000e+00 8.60759493670886111e-01 0.00000000000000000e+00 8.67088607594936667e-01 0.00000000000000000e+00 8.73417721518987333e-01 0.00000000000000000e+00 8.79746835443038000e-01 0.00000000000000000e+00 8.86075949367088556e-01 1.26582278481012778e-02 8.79746835443038000e-01 2.53164556962025555e-02 8.79746835443038000e-01 8.86075949367088889e-02 8.79746835443038000e-01 1.39240506329113889e-01 8.67088607594936667e-01 2.15189873417721556e-01 8.54430379746835444e-01 2.53164556962025333e-01 8.41772151898734222e-01 3.16455696202531667e-01 8.29113924050632889e-01 3.54430379746835444e-01 8.16455696202531667e-01 4.05063291139240500e-01 7.91139240506329111e-01 4.81012658227848111e-01 7.78481012658227889e-01 5.44303797468354444e-01 7.65822784810126556e-01 6.45569620253164556e-01 7.65822784810126556e-01 7.21518987341772111e-01 7.53164556962025333e-01 8.10126582278481000e-01 7.53164556962025333e-01 8.73417721518987333e-01 7.53164556962025333e-01 8.92405063291139222e-01 7.53164556962025333e-01 9.11392405063291111e-01 7.53164556962025333e-01 9.30379746835443000e-01 7.53164556962025333e-01 9.36708860759493667e-01 7.53164556962025333e-01 9.55696202531645556e-01 7.53164556962025333e-01 9.62025316455696222e-01 7.53164556962025333e-01 9.74683544303797444e-01 7.53164556962025333e-01 9.81012658227848111e-01 7.53164556962025333e-01 9.87341772151898778e-01 7.53164556962025333e-01 9.93670886075949333e-01 7.53164556962025333e-01 1.00000000000000000e+00 7.53164556962025333e-01 0 0 0 32768 14
59 4 25 9 Close Tab 5
60
61 1 1 10
62 117 1 5.00000000000000000e-01 0.00000000000000000e+00 5.00000000000000000e-01 1.53846153846153855e-02 5.00000000000000000e-01 2.30769230769231060e-02 5.00000000000000000e-01 4.61538461538461564e-02 5.15384615384615330e-01 1.07692307692307698e-01 5.15384615384615330e-01 1.30769230769230749e-01 5.15384615384615330e-01 1.38461538461538469e-01 5.15384615384615330e-01 1.61538461538461520e-01 5.15384615384615330e-01 1.69230769230769240e-01 5.15384615384615330e-01 2.30769230769230782e-01 5.15384615384615330e-01 2.46153846153846168e-01 5.15384615384615330e-01 3.07692307692307709e-01 5.15384615384615330e-01 3.23076923076923095e-01 5.15384615384615330e-01 3.38461538461538480e-01 5.15384615384615330e-01 3.46153846153846145e-01 5.15384615384615330e-01 3.53846153846153866e-01 5.15384615384615330e-01 3.69230769230769251e-01 5.15384615384615330e-01 4.61538461538461564e-01 5.15384615384615330e-01 5.38461538461538436e-01 5.15384615384615330e-01 6.15384615384615419e-01 5.15384615384615330e-01 6.38461538461538414e-01 5.15384615384615330e-01 6.61538461538461520e-01 5.15384615384615330e-01 6.69230769230769185e-01 5.15384615384615330e-01 6.76923076923076961e-01 5.15384615384615330e-01 6.92307692307692291e-01 5.15384615384615330e-01 6.99999999999999956e-01 5.15384615384615330e-01 7.23076923076923062e-01 5.15384615384615330e-01 7.38461538461538503e-01 5.15384615384615330e-01 8.00000000000000044e-01 5.15384615384615330e-01 8.23076923076923039e-01 5.15384615384615330e-01 9.00000000000000022e-01 5.15384615384615330e-01 9.15384615384615352e-01 5.15384615384615330e-01 9.38461538461538458e-01 5.15384615384615330e-01 9.53846153846153899e-01 5.15384615384615330e-01 9.69230769230769229e-01 5.15384615384615330e-01 9.76923076923076894e-01 5.15384615384615330e-01 9.84615384615384670e-01 5.15384615384615330e-01 9.92307692307692335e-01 5.15384615384615330e-01 1.00000000000000000e+00 5.07692307692307665e-01 1.00000000000000000e+00 5.07692307692307665e-01 9.92307692307692335e-01 5.07692307692307665e-01 9.84615384615384670e-01 5.00000000000000000e-01 9.69230769230769229e-01 5.00000000000000000e-01 9.53846153846153899e-01 4.84615384615384670e-01 8.92307692307692357e-01 4.84615384615384670e-01 8.76923076923076916e-01 4.84615384615384670e-01 8.53846153846153810e-01 4.84615384615384670e-01 8.46153846153846145e-01 4.84615384615384670e-01 8.38461538461538480e-01 4.84615384615384670e-01 8.30769230769230815e-01 4.84615384615384670e-01 8.15384615384615374e-01 4.84615384615384670e-01 8.07692307692307709e-01 4.84615384615384670e-01 7.46153846153846168e-01 4.84615384615384670e-01 7.30769230769230727e-01 4.84615384615384670e-01 7.07692307692307732e-01 4.84615384615384670e-01 6.99999999999999956e-01 4.84615384615384670e-01 6.92307692307692291e-01 4.84615384615384670e-01 6.76923076923076961e-01 4.84615384615384670e-01 6.61538461538461520e-01 4.84615384615384670e-01 6.46153846153846190e-01 4.84615384615384670e-01 6.30769230769230749e-01 5.00000000000000000e-01 5.69230769230769207e-01 5.00000000000000000e-01 5.61538461538461542e-01 5.00000000000000000e-01 5.46153846153846101e-01 5.07692307692307665e-01 5.38461538461538436e-01 5.07692307692307665e-01 5.30769230769230771e-01 5.07692307692307665e-01 5.23076923076923106e-01 5.07692307692307665e-01 5.15384615384615330e-01 5.07692307692307665e-01 5.07692307692307665e-01 5.07692307692307665e-01 5.00000000000000000e-01 5.07692307692307665e-01 4.92307692307692335e-01 5.07692307692307665e-01 4.84615384615384615e-01 5.07692307692307665e-01 4.61538461538461564e-01 5.07692307692307665e-01 4.53846153846153844e-01 5.07692307692307665e-01 4.38461538461538458e-01 5.07692307692307665e-01 4.30769230769230793e-01 5.07692307692307665e-01 4.15384615384615408e-01 5.07692307692307665e-01 4.07692307692307687e-01 5.07692307692307665e-01 3.84615384615384637e-01 5.07692307692307665e-01 3.69230769230769251e-01 5.07692307692307665e-01 3.61538461538461531e-01 5.07692307692307665e-01 3.53846153846153866e-01 5.07692307692307665e-01 3.38461538461538480e-01 5.07692307692307665e-01 3.30769230769230760e-01 5.07692307692307665e-01 3.23076923076923095e-01 5.00000000000000000e-01 3.15384615384615374e-01 5.00000000000000000e-01 3.07692307692307709e-01 5.00000000000000000e-01 2.92307692307692324e-01 5.00000000000000000e-01 2.84615384615384603e-01 5.00000000000000000e-01 2.76923076923076938e-01 5.00000000000000000e-01 2.69230769230769218e-01 5.00000000000000000e-01 2.53846153846153832e-01 5.00000000000000000e-01 2.38461538461538503e-01 4.92307692307692335e-01 2.23076923076923062e-01 4.92307692307692335e-01 2.15384615384615397e-01 4.92307692307692335e-01 2.00000000000000011e-01 4.92307692307692335e-01 1.92307692307692291e-01 4.92307692307692335e-01 1.84615384615384626e-01 4.92307692307692335e-01 1.76923076923076961e-01 4.92307692307692335e-01 1.61538461538461520e-01 4.92307692307692335e-01 1.53846153846153855e-01 4.92307692307692335e-01 1.46153846153846190e-01 4.92307692307692335e-01 1.38461538461538469e-01 4.92307692307692335e-01 1.30769230769230749e-01 4.92307692307692335e-01 1.23076923076923084e-01 4.92307692307692335e-01 1.07692307692307698e-01 4.92307692307692335e-01 9.99999999999999778e-02 4.92307692307692335e-01 8.46153846153846478e-02 4.92307692307692335e-01 7.69230769230769273e-02 4.92307692307692335e-01 6.92307692307692069e-02 4.92307692307692335e-01 6.15384615384615419e-02 4.92307692307692335e-01 5.38461538461538769e-02 4.92307692307692335e-01 4.61538461538461564e-02 4.92307692307692335e-01 3.84615384615384359e-02 4.92307692307692335e-01 3.07692307692307709e-02 4.92307692307692335e-01 2.30769230769231060e-02 4.92307692307692335e-01 1.53846153846153855e-02 0 0 0 32768 14
63 4 28 7 New Tab 5
64
65 1 1 10
66 75 1 8.30357142857142905e-01 1.00000000000000000e+00 8.39285714285714302e-01 9.82142857142857095e-01 8.39285714285714302e-01 9.73214285714285698e-01 8.57142857142857095e-01 8.30357142857142905e-01 8.57142857142857095e-01 7.58928571428571397e-01 8.57142857142857095e-01 6.87500000000000000e-01 8.57142857142857095e-01 6.69642857142857095e-01 8.57142857142857095e-01 6.60714285714285698e-01 8.57142857142857095e-01 6.51785714285714302e-01 8.57142857142857095e-01 6.42857142857142905e-01 8.57142857142857095e-01 6.33928571428571397e-01 8.57142857142857095e-01 6.16071428571428603e-01 8.57142857142857095e-01 5.98214285714285698e-01 8.57142857142857095e-01 5.71428571428571397e-01 8.57142857142857095e-01 5.53571428571428603e-01 8.57142857142857095e-01 5.44642857142857095e-01 8.57142857142857095e-01 5.26785714285714302e-01 8.57142857142857095e-01 5.17857142857142905e-01 8.57142857142857095e-01 4.28571428571428548e-01 8.57142857142857095e-01 3.57142857142857151e-01 8.57142857142857095e-01 2.67857142857142849e-01 8.57142857142857095e-01 2.41071428571428603e-01 8.57142857142857095e-01 2.23214285714285698e-01 8.57142857142857095e-01 2.05357142857142849e-01 8.57142857142857095e-01 1.96428571428571397e-01 8.57142857142857095e-01 1.87500000000000000e-01 8.57142857142857095e-01 1.78571428571428603e-01 8.66071428571428603e-01 1.69642857142857151e-01 8.66071428571428603e-01 1.60714285714285698e-01 8.66071428571428603e-01 1.51785714285714302e-01 8.66071428571428603e-01 1.33928571428571397e-01 8.66071428571428603e-01 1.25000000000000000e-01 8.66071428571428603e-01 1.16071428571428603e-01 8.66071428571428603e-01 1.07142857142857151e-01 8.66071428571428603e-01 9.82142857142856984e-02 8.75000000000000000e-01 9.82142857142856984e-02 8.75000000000000000e-01 8.92857142857143016e-02 8.75000000000000000e-01 6.25000000000000000e-02 8.75000000000000000e-01 5.35714285714285476e-02 8.75000000000000000e-01 3.57142857142856984e-02 8.75000000000000000e-01 2.67857142857143016e-02 8.75000000000000000e-01 1.78571428571428492e-02 8.75000000000000000e-01 8.92857142857145236e-03 8.75000000000000000e-01 0.00000000000000000e+00 8.66071428571428603e-01 0.00000000000000000e+00 8.57142857142857095e-01 0.00000000000000000e+00 8.48214285714285698e-01 0.00000000000000000e+00 8.39285714285714302e-01 0.00000000000000000e+00 8.21428571428571397e-01 0.00000000000000000e+00 8.12500000000000000e-01 0.00000000000000000e+00 8.03571428571428603e-01 0.00000000000000000e+00 7.85714285714285698e-01 0.00000000000000000e+00 7.76785714285714302e-01 0.00000000000000000e+00 7.50000000000000000e-01 0.00000000000000000e+00 7.32142857142857095e-01 0.00000000000000000e+00 6.60714285714285698e-01 1.78571428571428492e-02 6.33928571428571397e-01 1.78571428571428492e-02 5.44642857142857095e-01 5.35714285714285476e-02 4.73214285714285698e-01 5.35714285714285476e-02 3.83928571428571452e-01 7.14285714285713969e-02 3.66071428571428548e-01 7.14285714285713969e-02 3.48214285714285698e-01 7.14285714285713969e-02 3.39285714285714302e-01 7.14285714285713969e-02 3.21428571428571452e-01 7.14285714285713969e-02 2.94642857142857151e-01 7.14285714285713969e-02 2.41071428571428603e-01 5.35714285714285476e-02 2.14285714285714302e-01 5.35714285714285476e-02 1.96428571428571397e-01 5.35714285714285476e-02 1.69642857142857151e-01 5.35714285714285476e-02 1.60714285714285698e-01 5.35714285714285476e-02 1.51785714285714302e-01 5.35714285714285476e-02 1.42857142857142849e-01 5.35714285714285476e-02 1.33928571428571397e-01 5.35714285714285476e-02 1.33928571428571397e-01 4.46428571428571508e-02 1.25000000000000000e-01 4.46428571428571508e-02 0 0 0 32768 14
67 4 112 12 Previous Tab 5
68
69 1 1 10
70 87 1 1.00000000000000000e+00 1.55178066989507646e-01 1.00000000000000000e+00 1.55178066989507646e-01 9.97200363196125927e-01 1.55178066989507646e-01 9.92836965294592422e-01 1.55178066989507646e-01 9.86531476997578705e-01 1.55178066989507646e-01 9.77981234866828086e-01 1.55178066989507646e-01 9.63831719128329323e-01 1.55178066989507646e-01 9.21458837772397121e-01 1.53235976594027434e-01 8.70888821630346976e-01 1.50259786117836969e-01 8.20318805488297054e-01 1.47283595641646503e-01 6.54358353510895885e-01 1.48519471347861198e-01 5.77229620661824039e-01 1.52176654560129132e-01 4.92609967715899932e-01 1.56035613397901507e-01 3.23421105730427760e-01 1.59869350282485889e-01 2.31007869249394648e-01 1.59869350282485889e-01 1.53954802259887003e-01 1.59869350282485889e-01 9.08999192897497754e-02 1.59869350282485889e-01 6.97639225181598266e-02 1.59869350282485889e-01 6.12136803874092084e-02 1.59869350282485889e-01 5.49081920903954912e-02 1.59869350282485889e-01 5.21085552865213630e-02 1.59869350282485889e-01 4.93341404358353386e-02 1.59869350282485889e-01 4.76694915254237128e-02 1.60424233252623061e-01 4.54499596448749155e-02 1.62643765133171914e-01 4.32304277643260626e-02 1.69277138821630369e-01 3.82869249394673372e-02 2.03856436642453565e-01 3.33434221146085563e-02 2.38460956416464864e-01 2.75675948345439625e-02 3.33825161420500394e-01 2.75675948345439625e-02 3.78568906376109737e-01 2.75675948345439625e-02 4.48433716707021812e-01 2.75675948345439625e-02 5.88188559322033955e-01 2.49445117029862828e-02 6.27585250201775580e-01 2.30276432606941195e-02 6.48796912832929840e-01 2.10855528652139079e-02 6.70033797417271981e-01 1.93452380952380820e-02 6.87588276836158196e-01 1.75797013720742634e-02 7.05142756255044412e-01 1.35441888619854955e-02 7.51601594027441422e-01 9.30690072639223098e-03 7.77100988700564987e-01 7.18825665859562646e-03 8.02348163841807960e-01 5.09483454398707014e-03 8.27595338983050821e-01 1.86642453591606694e-03 8.42097962066182371e-01 9.83656174334157640e-04 8.46537025827280076e-01 2.52219531880537584e-04 8.49412328490718238e-01 0.00000000000000000e+00 8.49664548022598831e-01 0.00000000000000000e+00 8.50370762711864403e-01 0.00000000000000000e+00 8.51076977401129975e-01 5.54882970137227094e-04 8.52716404358353497e-01 7.31436642453564545e-04 8.52716404358353497e-01 1.13498789346244688e-03 8.51934523809523836e-01 2.01775625504441170e-03 8.47495460048426130e-01 2.01775625504441170e-03 8.41189971751412413e-01 2.01775625504441170e-03 8.36826573849878907e-01 2.01775625504441170e-03 8.30546307506053294e-01 2.01775625504441170e-03 8.26182909604519788e-01 2.01775625504441170e-03 8.17607445520581066e-01 2.01775625504441170e-03 8.03457929782082303e-01 2.01775625504441170e-03 7.86004338175948281e-01 2.01775625504441170e-03 7.60832828894269619e-01 4.64083938660209139e-03 7.21461359967715876e-01 9.73567393058916153e-03 6.47737590799031482e-01 1.26866424535915789e-02 5.97167574656981448e-01 1.26866424535915789e-02 5.62916162227602879e-01 1.51583938660209694e-02 4.99079398708635991e-01 1.70752623083131327e-02 4.77842514124293793e-01 1.88407990314770069e-02 4.60288034705407578e-01 2.04045601291363843e-02 4.46062853107344615e-01 2.04045601291363843e-02 4.31913337368845851e-01 2.04045601291363843e-02 4.17763821630347087e-01 2.04045601291363843e-02 4.03614305891848268e-01 2.04045601291363843e-02 3.82478309120258264e-01 2.04045601291363843e-02 3.61317090395480212e-01 2.04045601291363843e-02 3.29713983050847426e-01 2.04045601291363843e-02 3.18540657788539128e-01 2.04045601291363843e-02 3.12235169491525411e-01 2.04045601291363843e-02 2.92511602098466494e-01 2.16404358353510795e-02 2.83860472154963683e-01 2.28763115415657747e-02 2.75209342211460872e-01 2.39608555286521252e-02 2.68828188054882955e-01 2.50201775625504275e-02 2.62447033898305093e-01 2.50201775625504275e-02 2.56166767554479424e-01 2.50201775625504275e-02 2.47616525423728806e-01 2.50201775625504275e-02 2.41311037126715089e-01 2.50201775625504275e-02 2.32760794995964471e-01 2.50201775625504275e-02 2.24210552865213908e-01 2.50201775625504275e-02 2.17905064568200135e-01 2.50201775625504275e-02 2.09354822437449573e-01 2.50201775625504275e-02 2.04991424535916067e-01 0 0 0 32768 18
71 3 22 Scale (all workspaces) 5
72
73 1 1 10
74 50 1 9.96427881830469264e-01 9.39225719250820656e-01 9.96427881830469264e-01 9.39225719250820656e-01 1.00000000000000000e+00 9.41639312608611778e-01 9.99565553195597589e-01 9.42122031280169914e-01 9.94014288472678142e-01 9.43473643560532871e-01 9.81994593550878481e-01 9.43473643560532871e-01 9.24985518439853216e-01 9.39804981656690464e-01 8.76665379416875834e-01 9.35750144815601481e-01 8.19994207375941309e-01 9.31405676771577484e-01 6.67551650897856730e-01 9.11179764433288297e-01 5.81289824290403545e-01 9.00415138057540032e-01 4.84022011971423027e-01 8.88926433674454453e-01 3.21007916586213526e-01 8.72803630044410195e-01 2.63854025873720754e-01 8.64018150222050529e-01 2.29774087661710757e-01 8.57211816953079797e-01 1.75275149642788175e-01 8.51129561691446268e-01 1.48194632168372253e-01 8.51129561691446268e-01 1.14742228229387899e-01 8.51129561691446268e-01 5.99053871403745775e-02 8.51129561691446268e-01 4.33964085730836335e-02 8.48764240200810982e-01 3.11836261826607397e-02 8.46736821780266435e-01 2.26395056960803087e-02 8.45047306429812739e-01 1.71365128403166422e-02 8.43647422282293835e-01 1.17783355860204830e-02 8.43647422282293835e-01 6.42015833172426831e-03 8.43647422282293835e-01 3.28248696659588779e-03 8.42585441204865782e-01 1.35161228036301262e-03 8.40702838385788742e-01 0.00000000000000000e+00 8.35199845530025131e-01 0.00000000000000000e+00 8.23180150608225469e-01 0.00000000000000000e+00 8.11112183819270083e-01 0.00000000000000000e+00 7.94748020853446535e-01 0.00000000000000000e+00 7.73363583703417623e-01 0.00000000000000000e+00 7.56951148870438351e-01 0.00000000000000000e+00 7.40586985904614803e-01 3.66866190384246282e-03 6.99942073759412975e-01 1.13921606487739080e-02 6.09673682178026644e-01 1.61228036300444244e-02 5.43975670978953496e-01 1.61228036300444244e-02 4.68768101950183425e-01 2.71770612087275376e-02 2.86203900366866160e-01 3.25352384630237523e-02 2.00473064298127057e-01 3.65418034369569544e-02 1.52152925275149620e-01 3.65418034369569544e-02 1.25072407800733754e-01 3.65418034369569544e-02 1.08659972967754370e-01 3.65418034369569544e-02 9.66402780459548194e-02 3.65418034369569544e-02 9.12821007916586047e-02 3.65418034369569544e-02 8.29310677737014612e-02 3.65418034369569544e-02 7.45800347557443732e-02 3.65418034369569544e-02 6.62290017377872298e-02 3.65418034369569544e-02 5.78779687198300863e-02 3.65418034369569544e-02 5.65263564394670737e-02 0 0 0 32768 18
75 4 11 Open config 7 Default 0 0 1 1 0 0 2 0 5 8
76 0 1 14
77 12 117 0  5 64
78 0 1 14
79 12 112 0  5 gedit 0 1 1 0 0 0 0 0 19 0 5 52 5 32 5 20 5 40 5 48 5 36 5 28 5 68 5 72 5 24 5 44 5 16 5 0 5 8 5 64 5 56 5 60 5 4 5 12 0 0 0 3 0